        [38;2;252;80;180m#[38;2;122;195;255m@@-                 
       [38;2;122;195;255m@@@[38;2;235;135;182mG[38;2;122;195;255m@@@:              ▗▄▄▄▄    ▄▄▄▖         
      [38;2;122;195;255m.@@[38;2;235;135;182mGGGGG[38;2;122;195;255m@@@..           ▜███▙  ▟███▛         
      [38;2;122;195;255m.@@[38;2;235;135;182mG[38;2;252;80;180m#####[38;2;235;135;182mGG[38;2;122;195;255m@@@@:         ▜███▙▟███▛          
      [38;2;122;195;255m.@@[38;2;235;135;182mG[38;2;122;195;255m%[38;2;252;80;180m####[38;2;235;135;182mGGGG[38;2;122;195;255m@@@@@@@@@@   ▜██████▛           
      [38;2;122;195;255m.@@[38;2;235;135;182mGG[38;2;252;80;180m####[38;2;235;135;182mGGGGGG[38;2;122;195;255m@@[38;2;235;135;182mGGGGG[38;2;235;135;182m@[38;2;79;200;183m██▙ [38;2;122;195;255m▜████▛     [38;2;235;135;182m▟▙     
      [38;2;122;195;255m.%@[38;2;235;135;182mGGG[38;2;252;80;180m###[38;2;235;135;182mGG[38;2;122;195;255m@@@[38;2;235;135;182mGGGGGGGGG[38;2;79;200;183m███▙ [38;2;122;195;255m▜███▙    [38;2;235;135;182m▟██▙    
       [38;2;122;195;255m@@@[38;2;235;135;182mGGGGGGG[38;2;235;135;182m@@@@@@@[38;2;122;195;255mGGGGG      ▜███▙  [38;2;235;135;182m▟███▛    
       [38;2;122;195;255m%@@[38;2;235;135;182mG[38;2;122;195;255m@@@@@@@@@@@@@@@@@[38;2;235;135;182mG       [38;2;122;195;255m▜██▛ [38;2;235;135;182m▟███▛     
       [38;2;122;195;255m-@@@@@@@@@@@=* ...@@[38;2;235;135;182mGG        [38;2;122;195;255m▜▛ [38;2;235;135;182m▟███▛      
      [38;2;122;195;255m:*%@@@@@@@@@- [38;2;79;200;183m|X   [38;2;122;195;255m@[38;2;235;135;182mGGG          [38;2;235;135;182m▟██████████▙
       [38;2;122;195;255m#@@@@@@@@@@-     @[38;2;235;135;182mGGGG         [38;2;235;135;182m▟███████████▛
      [38;2;122;195;255m*@@@@@@@@[38;2;252;80;180m#######[38;2;235;135;182mGGGGGGG        [38;2;235;135;182m▟███▛         
    [38;2;122;195;255m-:+@@@@@[38;2;252;80;180m########[38;2;235;135;182m&G[38;2;252;80;180m#/            [38;2;235;135;182m▟███▛          
     [38;2;122;195;255m%@@@@@[38;2;252;80;180m########[38;2;235;135;182mG[38;2;252;80;180m#/  [38;2;79;200;183mXXXX       [38;2;235;135;182m▝▀▀▀▀           
   [38;2;122;195;255m.[38;2;252;80;180m#[38;2;122;195;255m@@@@@[38;2;252;80;180m########[38;2;235;135;182mG[38;2;252;80;180m####\ [38;2;79;200;183m`'  [38;2;252;80;180m████████████████▛     
   [38;2;122;195;255m=[38;2;252;80;180m#[38;2;122;195;255m%@@%[38;2;252;80;180m#########[38;2;235;135;182mG[38;2;252;80;180m######\   ███████████████▛      
     [38;2;122;195;255m.@@[38;2;252;80;180m# [38;2;122;195;255m.:%[38;2;252;80;180m################     ▜███▙            
       [38;2;122;195;255m.[38;2;235;135;182mGG     [38;2;122;195;255m:[38;2;252;80;180m###########/       ▜███▙           
       [38;2;122;195;255m-%[38;2;235;135;182mGGG    [38;2;122;195;255m.[38;2;252;80;180m#######/           ▜███▙          
         [38;2;122;195;255m+@[38;2;235;135;182mGG[38;2;252;80;180m:          [38;2;252;80;180m_<###▘       ▀▀▀▘          
         [38;2;122;195;255m.%@@@@%.          [38;2;252;80;180m~#
           [38;2;122;195;255m+@@@@@[38;2;252;80;180m#[38;2;122;195;255m*%[38;2;252;80;180m#[38;2;122;195;255m:
           [38;2;122;195;255m:%@@@@@@@@[38;2;252;80;180m#####[38;2;235;135;182m%++
            [38;2;122;195;255m.=[38;2;252;80;180m#[38;2;122;195;255m@@@@@@@[38;2;252;80;180m#######
                [38;2;122;195;255m=@@@@@@@@[38;2;252;80;180m####
                      [38;2;122;195;255m..::[38;2;252;80;180m###

